6; 1:[4, 3, 2, 5, 1], 2:[4, 5, 1], 3:[4, 5, 1], 4:[4, 5], 5:[4, 5, 1], 6:[5]
15; 1:[12, 13, 4, 2, 5, 9, 10], 2:[6, 5, 8, 13], 3:[7, 11, 13, 5], 4:[5, 2, 8], 5:[8, 7, 1, 4, 13, 6, 11, 2, 14], 6:[4], 7:[1, 4, 10, 13, 14, 12, 7], 8:[4, 2, 12, 11, 9, 7, 8, 15, 5, 6, 3], 9:[13], 10:[12, 4, 9, 13, 14, 2, 8, 15, 10, 5], 11:[5, 3, 14, 8, 7, 4, 9, 1, 2, 6], 12:[8, 15, 6, 9, 11], 13:[12, 6, 14, 15, 4, 3, 1, 5], 14:[6, 4, 14, 3, 8, 15, 10, 11], 15:[1, 5, 15, 8, 4, 9, 3, 7, 14]
14; 1:[14, 6, 3, 5, 13, 12, 11, 7], 2:[4, 14, 5, 8, 6, 11, 10], 3:[2, 3, 4, 6], 4:[4, 7, 12, 1, 2, 14, 9, 5, 10], 5:[9, 2, 7], 6:[11, 13], 7:[1, 4, 3, 7, 10, 11], 8:[1, 2, 14, 4, 13, 10, 6, 7], 9:[3, 14, 9, 13], 10:[9, 13, 3, 6, 2, 10], 11:[7, 4, 9, 5, 8, 2, 3], 12:[2, 3, 5, 12, 1, 14, 10, 9], 13:[4, 11, 2, 12, 6, 13, 1, 14, 5, 8], 14:[1, 11, 8, 14, 4, 6, 10, 7]
14; 1:[3, 7, 9, 13, 1, 12, 11], 2:[1, 2], 3:[7, 5, 3, 4, 14, 1, 2, 9, 11, 10], 4:[14, 9, 13, 8, 5], 5:[8, 7, 11, 2, 1, 9, 4], 6:[10, 4, 12, 5, 14, 7, 1, 6], 7:[3, 13, 5, 8, 1, 12, 4, 2], 8:[12, 2, 6, 14], 9:[8, 10, 13, 14, 5, 12, 3, 9], 10:[12, 3, 14, 4, 1, 10, 6, 8], 11:[13, 11, 1, 8, 14, 4, 10, 3], 12:[8, 2, 7, 10, 1, 5, 3], 13:[10, 6, 5, 13, 11, 9, 14], 14:[12, 6, 9, 14]
4; 1:[1, 2], 2:[1, 2], 3:[1, 2], 4:[3, 4]
14; 1:[8, 4], 2:[8, 4, 10, 1, 5, 12, 11, 7, 9], 3:[8, 1, 6, 10, 4, 5, 2, 14, 12], 4:[12, 14, 8, 9, 4, 6, 3], 5:[9, 2, 8, 1], 6:[10, 9, 11, 14, 3, 1, 8], 7:[5, 12, 14, 8, 3, 2, 4], 8:[11, 12, 14, 2, 4, 7, 1], 9:[7], 10:[8, 13, 10, 3, 1], 11:[14, 11, 2, 5, 6, 12, 9], 12:[6, 4, 7, 11, 1, 3, 5], 13:[5, 3], 14:[9, 2, 10, 3, 12, 7, 6]
5; 1:[4, 3, 2, 5, 1], 2:[4, 3, 2, 5, 1], 3:[4, 3, 2, 5, 1], 4:[1], 5:[1]
14; 1:[11, 5, 1, 13, 10, 4, 14], 2:[10, 14, 7], 3:[13, 6, 10, 14], 4:[10, 3, 4, 8, 6, 5, 11, 1, 2], 5:[5, 4, 13, 10, 2, 6], 6:[2, 4, 7, 3, 12, 10, 1, 13], 7:[14, 13, 6, 8, 7, 10, 5, 11], 8:[4, 2, 14, 7, 13, 9, 8, 12], 9:[8, 6, 9, 4, 7, 10, 14], 10:[4, 8, 2, 10, 9], 11:[2, 13, 9, 7, 6, 4, 3, 14, 5], 12:[7, 5, 6, 2, 8, 1, 12, 9, 11, 10], 13:[9, 2, 10], 14:[9, 8, 14, 12, 1, 11, 7, 10, 2, 6]
14; 1:[8, 12, 4, 5, 11, 2, 3, 7], 2:[4], 3:[8, 2, 14, 4, 9, 10, 6, 7], 4:[10, 11, 14, 4, 6, 8, 3], 5:[13, 3, 8, 6, 12, 14, 10, 1, 5, 4], 6:[12, 5, 9, 4, 6, 10], 7:[7, 11, 13, 5, 2, 6], 8:[10, 2], 9:[10, 4, 5, 9, 13, 12, 6, 3, 11, 8], 10:[8, 12, 2, 11, 10, 5, 7, 4, 6, 1], 11:[13, 11, 4, 7, 8, 6, 14, 3], 12:[7, 10, 9, 6, 3, 12, 1], 13:[3, 11, 12, 14, 1, 13, 2], 14:[10, 13, 5, 14, 2, 7]
15; 1:[10, 12, 8, 15, 4, 9], 2:[12, 14, 13, 4, 5, 3, 11, 7], 3:[11, 7, 14, 10, 9, 5, 12, 15, 4], 4:[9, 11], 5:[5, 14, 15, 6, 13, 10, 4, 7, 12, 1], 6:[9, 3, 7, 14, 15, 13, 1, 4], 7:[7, 10, 2, 4, 5, 12, 13, 3, 8, 15, 6], 8:[13, 1, 6, 15, 5], 9:[11, 14, 13, 6, 1, 5, 4, 8], 10:[8, 11, 7, 9, 12], 11:[14, 7, 12, 6, 9, 15, 8, 4], 12:[2, 13, 6, 1, 3, 8, 12, 5], 13:[2, 1, 12, 7, 3, 15, 11, 14], 14:[14, 6, 12], 15:[9, 1, 5, 11, 7, 10, 8, 4]
14; 1:[11, 4, 8, 6, 12], 2:[2, 1, 13, 12, 4, 10, 8, 5, 14, 9, 7], 3:[13, 4, 10, 12], 4:[10, 8, 14, 5, 6, 13, 12], 5:[9, 5, 14, 1], 6:[12, 1, 14, 2, 7, 11, 6, 10], 7:[1, 5, 10, 2, 7, 8], 8:[2, 11], 9:[11, 4, 13, 14, 5, 10, 2, 8, 12, 9], 10:[9, 10, 11, 13, 7, 4, 6], 11:[2, 11, 10, 1, 12], 12:[9, 6, 10, 1, 14, 8, 4], 13:[14, 13, 6, 8, 10, 2, 1, 4, 11, 9], 14:[10, 11, 14, 5, 2, 1, 12, 7]
13; 1:[4, 11, 13, 3], 2:[13], 3:[13], 4:[13], 5:[3, 8, 10, 5, 11], 6:[8, 9, 10, 1], 7:[13, 3, 2, 7, 8, 1], 8:[2, 8, 6, 9, 4, 11], 9:[13, 2, 5, 11, 3, 8], 10:[11, 7, 5, 9, 13, 6], 11:[13, 8, 6, 4, 7, 3], 12:[7, 9, 11, 13, 3, 1, 5, 4, 12, 10], 13:[6, 4, 10, 12, 5, 13, 2]
14; 1:[12, 5, 14, 2], 2:[9, 7, 5, 10, 8, 2], 3:[13], 4:[1, 6, 10, 7, 12, 9, 5, 14, 11], 5:[6, 10, 9, 4, 2, 14], 6:[11, 1, 7], 7:[7, 10, 14, 5, 6, 2, 12], 8:[11, 13, 1, 10, 12, 5, 6, 4, 2], 9:[6, 13, 9, 8], 10:[13, 7, 12, 10, 2, 1, 8, 9, 3], 11:[3, 1, 8, 5, 11], 12:[4, 6], 13:[8, 7, 1, 10, 3, 9, 12, 2, 13], 14:[10, 1, 6, 4, 9]
13; 1:[6, 2, 13, 3, 9, 7, 4, 1, 12], 2:[10, 12, 7, 8, 3, 13, 6], 3:[13, 2, 11, 4, 12, 8, 5], 4:[4, 3, 13, 8, 5, 10, 11, 1, 6], 5:[2, 9, 3, 5, 10, 13], 6:[6], 7:[12, 8, 7, 3, 4, 5], 8:[13], 9:[11, 1, 9, 5, 7], 10:[1, 11, 4], 11:[6, 8, 13, 1, 12, 9, 11, 4, 5], 12:[7, 11], 13:[6, 3, 8, 4, 12]
14; 1:[2, 7, 5, 13, 1, 11], 2:[12, 1, 4, 6, 9], 3:[4, 5, 13, 8], 4:[4, 13, 9, 10, 14, 2, 5, 3], 5:[6, 2, 8, 5, 14, 13, 11], 6:[7, 3, 8, 6, 10, 12, 9], 7:[1, 3, 12, 11, 8, 2, 7], 8:[4, 10, 3, 9, 5, 11], 9:[9, 14, 10, 12, 1, 4, 8], 10:[1, 8, 12, 9, 14, 10], 11:[13], 12:[9, 5, 11, 14, 3, 6, 1, 4], 13:[9, 10, 4, 12, 2, 11], 14:[10, 9]
5; 1:[4, 3, 2], 2:[4, 3, 2], 3:[4, 3, 2], 4:[4, 3, 2], 5:[4, 3, 2]
5; 1:[4, 3, 2, 5, 1], 2:[4, 3, 2, 5, 1], 3:[4, 3, 2, 5, 1], 4:[4, 3, 2, 5, 1], 5:[4, 3, 2, 5, 1]
15; 1:[13], 2:[4, 12, 3, 11], 3:[10, 8, 9, 14, 7, 2], 4:[8, 11, 5, 9, 6, 1, 7, 14, 13, 2], 5:[7, 5], 6:[4, 6, 1, 13, 10, 8, 2], 7:[6, 14, 1, 3, 9, 8, 5, 15, 11, 13, 12, 10], 8:[8, 10, 5, 12, 7, 1, 3, 11, 14, 6, 2], 9:[13, 14, 8, 4, 10, 5, 15, 11, 7, 2, 3, 9], 10:[15, 10, 14, 5, 3, 12, 13], 11:[9, 4, 15, 1, 14, 13, 2, 3, 6, 11], 12:[11, 9, 10, 12, 15, 13, 1, 4], 13:[9, 7, 14, 4, 2, 13, 12], 14:[9, 1, 4, 2, 10, 6], 15:[3, 13, 1, 4, 9, 8]
6; 1:[4], 2:[1], 3:[2], 4:[3], 5:[6], 6:[5]
15; 1:[9, 3, 2, 14, 12, 1, 8, 5, 6, 10], 2:[4, 6, 7, 11, 9, 13, 8, 15, 14], 3:[15, 11, 2, 3, 10, 1, 9, 7, 12], 4:[2, 7, 4], 5:[9, 5, 2], 6:[5, 7, 3, 11, 10, 9, 6], 7:[8, 14, 6, 4, 13, 3, 7], 8:[1, 9, 2, 4, 8, 5, 3, 10], 9:[6, 8, 2, 15, 1, 14, 12], 10:[15, 7, 2, 4, 13, 10, 9, 3], 11:[3, 8, 14, 13, 9, 4], 12:[2, 7, 10, 15, 3, 14], 13:[14, 9, 1, 2, 3], 14:[11, 3], 15:[5, 4, 15, 9, 7, 1, 10]