1100111010110011001011110011101010101101100111001001011011010010011011101;01,111111,01100,10,011011,1001,1100,10011,01010,01
0010010101101101100011100000000001100010010100011011001010101010011010;110,011000,00001,100,00,0110
11001101011001111101001101111100010110010011101001110010110000101111010100;10,001011,110001,000,0110,0010,1000,1111,101101,00010
00111100100011001011110101000001110110110011101101011010010010011;100101,100,000101,001001,110000,01101
11000011111010101111110001000101010110111000010010101100000010111100011101;00,01,1111,1101,01,100111,00,010
00100010000101111111111001101001010000001000011110011111011000100011101011;11111,0101,000,10,011111,11000,10,10
010100100101011100110001111010010111101101100110010101011101011101001110;111010,100001,101,1000,00010,00,100100,011
11100010000000010000110010010101010000001011100111011001011101010101111000111110;101,010111,10,11,00,1011,0110,000,0001,11101
0000101100001011111100110011101110101101010010110011010101110000011010110100001;001111,10101,11001,001,100100,100101,1100,100001,01110,01111
100101100101111110101000101110110001001000011000101111011010110000;1001,1001,110,00,10,001110,0110,110
01100100100110101111100011011000111000101000001101011000101000111111100010000110;10,00,00011,10,01000,1001,110,100,0101,010
1100011000111001000100010000001000001100000100100110101011011011011000110110000;0010,10,111,111011,0010,10
0001111110010010101011111000000000010101100110101010101101011111110111001000010;0101,10,111100,01,00,110,00,010100,100,11100
110000110110110101101001110011100111101110110011110110000110001001001111001001;01,100101,011110,11,110001,000
0001001100010101001110010000111110010100110011111011011000110111101;010,110010,101011,10,010111,011,00100,100110,01110,010111
01101111101110101010000001101011110100001100100111111111000100100100;100,00101,10101,011100,00011,01111,10011,01,10101,1011
0000011100100100111110100011100111100101011111010110110110000001010110;11110,001011,11,0001,100001,001,1000,000100
1111101100011011010101010100110011101001111111010101110001000011101011000;100110,10001,000110,001011,000,11010,1100,011111
0111001011000110100100110110011010001001010111110111101101001100000001;110101,1000,101010,11,1010,11000,10010,11011
001001000001101010000000001001111010000000100000010001000100111011010011010110;100,10,00,101,11011,001000,0000,1000,11,10
10100101101110011000;10,111,00,10,010,00