301
189 35058
23412 34676
25342 34750
5298 7177
12269 11244
12102 30238
23028 12097
36039 31803
8204 17403
4216 7189
22916 22093
22533 30148
9418 20345
30163 15967
35752 30717
13873 34270
18270 33638
30503 33370
19932 16181
4228 30218
33865 19091
24515 10830
39499 26958
12113 15368
23990 18960
38774 8990
5597 1994
3044 6356
16872 3047
29579 11150
19320 27252
6460 6534
16415 14635
12084 5949
33348 24553
20052 15930
9505 30763
13707 18673
27299 3146
16449 19102
22275 25129
4851 529
39395 24402
12708 13548
14419 33341
20169 30962
19247 27810
1447 4540
11063 15082
34164 28747
38357 34865
7474 9115
5817 4549
35020 16520
26199 3780
18074 7499
11608 28933
4080 20913
21847 13764
10989 26394
36733 17807
26948 37678
26806 21608
39360 12003
2975 24765
11331 24732
24368 16935
6024 32161
37119 26913
11908 13902
23867 29840
10027 4836
2033 2585
28846 36528
7651 9574
16294 17911
19481 33479
31234 27132
26691 33288
26794 30102
5228 39713
21118 11604
16894 3337
22644 32679
29121 25081
25646 29830
28665 23685
12305 19710
19952 30184
21730 36352
242 34584
23060 37857
21052 28670
5313 23942
30934 25591
39912 15005
19542 19227
29060 31472
18977 10911
27776 4483
35729 13080
3495 1560
9132 6851
21167 3989
11188 8224
16050 16062
20252 3561
12867 3089
21994 36979
6591 12773
5300 4846
28338 30572
30556 31201
17518 28960
19897 5106
31574 7303
11748 29115
35724 29616
28037 13667
32576 6207
32500 33661
2126 9298
28776 8791
14779 24251
25370 21473
26480 23016
31523 37295
6392 19910
22714 32868
31282 13112
6248 22449
34051 26242
35726 15121
14414 8810
30660 25513
39616 3892
27292 21137
19128 22736
24155 17351
15171 20860
4452 21230
25442 4157
5892 2398
26892 7962
30913 20602
35131 31806
15154 34737
25555 22031
37640 1666
25807 38069
1792 21402
23530 25420
28021 8019
15000 9678
25766 24143
4867 2269
25665 20549
21436 10961
37264 39798
2011 30661
8146 10597
38251 35101
22988 36636
14584 32823
881 6501
10241 13130
35256 12130
21617 25183
7400 12675
27681 25726
14536 35039
28078 17883
19082 30532
37884 32648
30065 39660
30369 9142
25019 32800
23898 19781
38114 38881
34579 31196
34259 1186
25268 39496
6255 22942
31231 35301
26758 14891
5712 16587
11027 6559
7026 28286
30459 12302
26051 36830
32838 33527
19203 25512
29398 37107
21439 30217
18979 10121
14906 14818
16649 26881
22740 2383
33950 4644
19909 25832
20065 4535
22886 37844
23845 8108
23129 38722
31316 30851
13195 26935
24955 25961
19106 21571
38050 14928
2188 4225
5782 9052
35886 16456
29929 24803
18609 22351
925 2243
22225 37175
192 166
28401 24741
24978 14462
6767 9571
38616 16387
25859 11055
4369 4626
30320 33544
21832 17639
12147 32531
29164 3841
35952 38383
9615 14428
37578 22310
26710 33391
34319 23463
26849 12431
25074 20539
5049 36763
29118 692
24206 14171
35360 27140
14283 23650
7858 6518
3313 35673
14952 11066
29370 4357
9644 23112
9987 17186
8031 299
12535 22784
30537 11855
23017 38135
24989 610
14588 1022
21134 12867
2868 1745
32991 13092
20392 5058
18016 14480
20747 21758
30292 3303
37717 14346
7122 14594
11586 22810
22115 26607
38876 15672
2487 36265
18254 36821
27652 22752
21184 6101
3426 15731
23601 37737
38008 24612
13686 33241
2926 13498
9117 9482
26870 4215
27345 2964
26787 3165
23568 7927
19446 87
22033 20641
11143 6443
9097 1316
5684 22043
5513 29310
31946 4871
30346 35805
21569 30204
30718 24111
34551 19066
1931 27019
12392 23477
23195 28547
5198 11669
5235 36832
24481 1721
30491 9239
25927 23865
13437 25984
25408 33520
15877 22212
33721 7086
8239 10370
78
33566 8697
22939 24214
15164 6335
39234 13549
28991 15326
15145 3988
35338 17748
28379 4213
29199 13048
7738 11409
4556 27591
23566 14361
16610 3064
34194 25822
7801 3863
33324 7273
17292 26939
30830 19983
17195 38221
24068 5986
13700 13775
24911 33218
37611 13809
9582 12705
31323 4626
32332 31605
1431 36773
27323 21447
13402 31181
13692 15352
30684 30942
26415 22649
23891 8673
2577 23569
11002 25249
26447 19169
23489 24469
9840 1217
24217 6873
14394 1945
37837 18376
15008 29254
10288 4336
21686 9067
6022 26488
36298 22878
3262 38275
16523 2313
14644 2661
18042 1840
22673 26616
9549 12084
33788 5843
29257 10792
1345 18194
22990 2183
37718 15663
39999 27027
15114 32030
17895 26916
23531 19341
1404 36087
30797 11907
6124 39425
29174 29044
6372 39733
26438 5631
25864 8003
7086 3233
21507 21210
24844 26317
6547 12539
18978 23027
21612 15149
8690 37375
17870 17818
32921 14681
6908 25406
144
9969 26302
19836 26637
38705 39497
5526 26251
14344 30766
39322 29346
39164 11724
24630 21301
2905 14929
12208 20555
16973 18793
1156 9001
35977 26939
11830 18493
16563 4726
8349 10170
31919 23432
35822 24854
22046 16876
6258 614
1078 21777
37401 2605
4110 16203
33758 38472
29099 24571
15637 36714
20078 29061
17475 19304
29172 39285
39921 34511
23095 27621
17378 26851
25423 2356
25648 38614
15963 5738
26432 9878
13102 33118
35662 16053
16283 19519
12210 9384
4989 17913
28902 7047
24741 29676
534 3342
35883 23088
4834 13779
12300 1086
2498 37633
5175 3609
29029 7091
1192 27910
11948 37964
4824 19109
12975 10489
31711 28956
28517 15532
2099 7392
25135 37170
13566 9895
32593 23483
35484 13196
11746 6960
571 29124
8240 12310
19067 36478
9552 16239
28425 19191
7890 37176
16745 11161
37139 18061
15081 27083
1526 30121
39664 13254
12087 12724
2762 7364
30271 34027
34310 34340
17769 15009
21350 23146
36178 25456
37765 21915
38664 14650
22740 7666
4771 12636
29839 14529
25791 8451
4312 5788
7972 15310
11933 35091
15296 11658
429 26000
5298 23677
35276 16311
21158 10881
1566 18793
20875 25034
28933 26109
2482 34713
13604 34600
19202 8961
5328 24177
9574 24566
1571 28880
6974 35789
11105 26075
36702 24129
13094 17303
7569 4508
34743 19184
3055 26954
7085 24980
8418 2062
32716 15670
37552 39903
26441 14290
31489 27623
2848 4955
8657 31209
14283 6611
6418 25464
18651 11158
16352 1591
31528 29510
34279 21828
23824 12989
11581 29437
17020 38824
8952 35998
20605 24310
17176 6312
38645 25698
5015 10087
24558 20113
34357 12276
1509 17376
26741 5912
1513 31978
31833 29406
15788 32877
39956 2452
7222 33719
19379 20169
15607 3158
38332 39420
296
32481 11578
33312 36262
3943 16297
33582 12942
28498 31653
14964 4775
32861 18465
4083 9718
35080 28027
33507 24764
6436 11522
37937 2814
1442 38765
23060 16445
4968 24847
38136 8752
8993 39557
24178 4026
35779 22851
6666 39616
872 12629
11412 29757
15582 3266
3976 571
21708 22676
20910 32359
4882 7898
34437 24258
29834 11796
27638 36132
9745 25401
12328 21769
4445 18044
3873 33803
31030 38635
13840 21145
38570 38708
7110 36115
35009 1258
6177 14799
22209 16888
28716 24918
8770 30834
38205 21469
10561 2307
23988 13045
35692 13499
7668 35100
18443 16843
8860 10672
27960 28780
30970 11484
24079 21465
5450 12039
21639 26359
25455 36047
2308 31146
32872 4345
4209 22702
32640 38875
13078 27457
8003 10876
1471 7859
19298 17620
38866 27096
9401 21961
16641 9565
1424 38132
30668 3900
35908 25525
35664 17775
32075 7314
10385 32856
11373 1212
16528 39683
6885 17307
481 35297
34428 14542
34395 15344
38830 581
24502 8860
17355 6164
15866 16815
38382 21277
15491 23149
10843 13426
36834 31556
10084 10432
27926 10721
7623 36852
13121 16338
9952 13259
10088 2151
25369 32052
14802 37563
32735 33927
23255 4571
19160 9030
13179 25702
2680 28632
35466 8745
18974 32273
35140 21921
28799 32413
11730 37338
31539 8121
37770 9108
21980 39725
19066 31076
15941 2476
36291 37220
12821 22265
27963 20151
33107 21227
3782 7610
28587 7630
18633 25865
5761 18898
30950 20331
18625 17071
36614 34439
1779 13937
14591 33513
5624 3277
30467 10202
23501 11819
7474 4226
13589 3043
17236 5784
31400 1991
28783 14841
12112 37572
27242 7722
26324 3032
27446 16472
10928 27128
5767 24660
21831 6499
27536 29669
31149 28351
28822 19475
5493 25765
26735 9444
2856 16499
22468 14334
9501 1257
9018 24433
5630 27954
35149 7602
7238 38184
29372 36013
15258 15089
18734 35231
37228 26342
35073 36897
36978 3188
25765 1836
38829 36296
3241 31491
4726 27483
33350 14566
21733 29198
35764 13915
26512 4446
30370 39574
25533 15351
34137 37840
3422 4912
22674 11820
20921 30478
4489 1295
25775 7973
20035 11720
34157 39064
2263 11435
33892 16247
28308 25641
26035 16726
13759 6562
13936 35570
23186 18334
35135 29955
27149 23113
7986 602
739 18507
29243 4914
17411 32386
6946 228
31603 4841
31493 27187
20842 5892
384 27691
30649 14152
11958 16751
37690 15147
2506 12326
24463 33885
16412 32871
31184 11649
9164 4040
4648 24260
20486 28861
35080 11742
33694 25272
16954 19359
38485 6379
8353 31084
38625 12311
25149 11184
21490 20
2116 26452
39021 9500
6093 28900
36224 21758
39951 27876
14757 3250
2338 25653
5261 35541
16060 28625
22169 12900
7272 23242
6614 1017
27629 1352
2581 297
17272 10305
17699 34643
2013 9996
27278 36365
35520 5650
37865 18089
8178 31133
23526 28498
23208 27919
19232 32098
38635 31757
23086 19650
39232 19194
1263 18251
13697 13269
36000 34707
13988 34304
38711 35046
13403 6768
16218 33114
20930 27455
7156 18421
38893 7310
16766 18969
16457 23709
34681 13298
7185 5609
34948 7018
39250 6300
38670 31993
37860 18971
29230 20663
23726 30080
10827 24060
15636 14326
10335 9867
39077 15080
28561 10963
25452 9716
24451 11877
11009 36951
4342 38828
10848 1600
37159 30059
5316 16943
28171 30872
12220 34094
2013 28464
4135 14854
22040 3552
5892 11200
30416 16251
33775 28029
10252 18037
15513 37458
22486 35910
33331 5928
12996 36682
20736 26801
19288 22242
905 14591
32245 14992
26320 25741
6404 26674
5022 10972
27111 33567
33374 1922
7248 8416
17299 8810
11371 18299
6180 11925
36361 28770
245
17479 23786
4679 1119
13141 11560
28418 2212
31906 13124
31120 36127
37022 30002
18107 22175
1344 38231
14840 2482
13706 10618
36171 17284
39043 21730
8409 4848
684 7636
36703 35508
14692 25090
21959 6459
25449 1301
15816 28893
3807 2368
22787 20648
24059 18857
28503 15969
24263 18041
26538 21190
24308 39980
15034 14765
13899 6816
28757 24093
924 8673
29251 31625
28734 15788
22511 16736
28702 27263
39548 31149
6255 14130
33075 35876
25557 10981
29967 28645
20905 32048
17927 2519
2874 33525
13477 24902
33792 19105
3673 29552
16876 14602
31628 29209
5383 16670
2044 35637
15548 30618
10403 38026
39919 8521
7851 5080
20696 23781
39059 8967
15525 9721
11559 25207
27878 34764
36712 7559
8842 13996
31729 5319
9039 22409
20119 26776
19666 13759
15283 18146
20767 4806
37128 35884
33739 12595
9330 9167
17281 23999
22104 11592
15631 30761
32515 17586
29082 28549
20635 667
21391 34964
8563 16225
11008 3492
6936 3786
36642 19670
17005 6225
13331 33986
15966 8659
22380 2080
30640 10885
19328 16422
7568 16730
28370 570
16862 33080
39961 6083
15951 9865
20162 29052
2615 12536
22814 14865
9311 37094
8559 17838
32124 34955
20371 27649
35728 21329
7698 28979
37573 28277
31039 15180
28546 17390
35284 6506
39838 38350
20020 25539
22091 24884
15965 11856
6639 34489
1962 12293
31660 783
30657 27382
28891 1111
28344 16290
18627 9644
1998 11954
32657 14854
12412 34511
34091 8809
30263 15929
18301 6530
19762 6938
25196 37366
31387 20502
22227 25937
30845 38970
26421 29276
16820 25952
22053 31219
25142 22379
30993 24179
38515 39213
32196 899
27936 13960
12725 9879
8080 4230
14123 14615
33461 30904
23372 19628
38981 6430
3104 29938
27703 8568
28159 34714
11095 38324
15242 38306
34844 17340
29463 14314
2884 39585
31694 34901
19520 21241
28152 20653
21696 3173
864 13688
36176 32162
34149 10210
35092 39892
29870 34724
28547 14384
24169 6105
24011 28914
6782 18123
30816 33663
11022 24209
15434 710
7856 33398
9102 9858
35346 36927
20500 8059
28228 22977
37688 6635
12774 25844
37195 23973
5790 6058
5122 576
33673 12741
36260 34338
19083 16836
514 32734
2183 5537
1601 18140
25629 14302
26704 17047
5716 11004
11730 9781
8372 35749
3400 6343
13112 36992
13532 2478
23090 10193
19121 11015
24021 30412
12022 11966
17047 3883
5776 21532
6143 23169
8555 15597
39356 8996
30328 17231
8497 39459
31897 17298
3968 6507
36661 35135
20739 37776
29625 27504
17246 1373
35801 17699
19931 7858
36428 30485
33700 38868
18577 6890
26968 38570
32564 24118
3585 37761
39596 11332
8585 28861
37109 355
13399 3320
13855 18809
3456 11191
25552 105
28400 28557
26121 26578
26066 31761
39456 7027
3325 11812
30093 26813
25802 11587
19249 12073
24398 37257
1240 29678
16711 5636
33085 14056
29660 6356
13393 28867
23368 19603
33205 6774
25615 19940
9909 15019
16579 8030
13107 2718
17460 37542
26502 24092
10800 25345
7255 4092
192
21201 4368
3881 4072
29520 13103
6259 14629
4689 8148
39213 18578
5778 14178
24974 35745
32357 3582
1202 25782
14330 31601
7580 28083
19676 36824
16988 903
22213 18591
35204 31726
29118 33451
6758 10407
20245 5733
26240 16165
1356 3598
7668 20006
6297 3650
12390 31573
6383 31386
30097 28880
11164 28624
7710 1074
7113 19768
24020 8267
30666 16848
16671 32640
27905 11574
39622 9149
9603 22398
33304 33739
19669 14017
34426 30543
15354 16206
8919 39214
9714 38410
1426 39800
30004 24968
341 14052
14494 17617
12122 12302
30463 30428
33721 33148
28040 31222
37117 25601
14758 31442
7563 39679
36027 9477
39617 16988
671 36024
35823 14170
15725 37728
9570 14333
24365 14155
28206 17637
33621 23105
12286 19730
6339 39500
24960 28163
977 30549
11597 4866
13486 19043
15412 12867
4517 17775
35321 6505
12111 1186
2253 14090
34186 32663
24073 31649
35720 20502
24674 14952
2881 29478
22831 37452
857 23762
18437 33629
28735 39128
19856 8810
463 3381
19395 18710
20327 34373
32510 30626
22765 38895
1922 14830
36363 4066
7112 12038
37813 19201
32066 19869
36820 27056
9774 30200
15266 9909
31745 39630
28010 33204
18481 8692
22626 19650
29783 23184
6675 19443
20484 32076
3171 18940
28015 10038
31259 31814
18233 12078
22886 36254
28913 28132
12956 19703
24118 3132
23715 26068
20558 14296
9665 24472
39105 2644
17753 10793
24315 514
7050 32771
38078 3501
9713 20345
18752 40000
8583 630
14755 12216
21801 30263
3905 31821
17285 24581
29997 12246
3461 15239
7081 23600
15202 6768
29028 5410
21268 39380
36615 19269
17462 9388
27260 29232
24523 969
25642 13365
20764 29345
38719 39218
32405 21150
26405 32644
14725 12759
32801 22865
34189 392
23202 12071
31790 35338
33057 2987
18215 37312
24179 172
38382 28230
4668 39139
15003 22476
26206 4503
1713 19931
23273 20199
29347 21727
6351 34214
16481 35891
3918 16582
21259 4032
21038 38708
25741 14012
32193 5611
39508 7603
33668 1362
9721 4944
34887 27424
36136 23559
4674 32256
35885 31841
3484 853
24563 31020
34083 37257
38965 39263
33680 38656
8174 25524
37716 1946
31337 13441
35974 12337
22301 20195
17009 19230
4131 19613
39882 23862
28264 1846
36111 19943
4750 30032
39052 32813
26307 10559
7401 14680
33461 531
14149 32318
32190 20115
22741 10606
119
16911 25863
36860 24055
39950 7308
23103 620
16779 27095
30758 10448
19858 16795
2058 34452
15089 19225
681 12276
34852 16070
37051 1725
24256 2729
29661 11262
14817 38736
31140 21614
25692 742
6418 28578
5662 3895
3292 8946
11840 25715
28015 15267
29661 29988
34992 17829
11775 25394
33632 27527
37329 25937
4324 4640
23690 2009
22165 21759
12863 31511
22005 38093
27097 18112
33730 22335
21037 27210
10882 23435
26266 29277
11930 30809
20521 1204
13953 33230
25978 167
24243 14003
36794 28326
19573 16895
23319 30781
15763 30850
16777 12942
7617 8002
9039 10100
13979 26313
1707 12498
21982 35129
12893 32282
12777 23638
9009 20039
8262 13937
6135 29383
17695 8646
11608 24656
31616 10483
12487 29720
27610 16635
26930 35014
33099 7486
13043 33194
5178 26631
11127 5104
24142 8714
33820 9680
26826 31702
16179 13953
27611 6813
30084 33810
36779 38489
15242 16990
24419 14448
742 21597
35018 11855
1054 12156
31435 10822
22350 34820
36579 19529
19205 10801
10369 14297
20375 23298
2229 10752
1388 6248
1512 35462
37155 18230
23272 18047
11358 350
22499 3620
23859 18036
10372 36322
15489 26955
6189 19527
14912 17330
38219 13100
19428 6326
28071 2078
14967 27926
39037 35591
20613 19952
28816 13269
21286 16908
23847 408
14396 2534
19966 31008
585 196
4675 22415
31731 33646
15849 22305
29853 16031
37868 3405
7142 27506
3061 21359
39521 4266
37723 16306
11533 21045
87
23329 15686
6842 17032
11824 19074
39964 3310
30789 29036
2039 6135
25457 32785
6608 7677
23698 38623
27728 3902
27719 194
673 8574
36239 28901
1432 26492
15280 27046
38149 14211
19843 7991
32895 1092
6669 21104
12434 6944
14813 23653
29281 30363
29630 17814
33095 2381
34032 20036
23934 2004
11612 13853
23161 35113
1006 26817
22095 18704
31247 4032
26284 3043
21506 21361
7223 25796
17226 10272
36133 8379
7335 31363
28855 5359
15654 21711
26227 6635
33702 2960
13786 7998
21200 14172
36484 5429
27297 38223
14341 11255
19522 15883
33381 26805
1981 17524
15565 18563
8633 30395
18759 34706
39199 35961
22154 7764
14823 10129
29148 37597
19713 14157
37511 8814
23487 946
1630 24387
16202 33634
34198 2033
33392 391
7347 7424
17586 28555
18629 21305
29417 21380
39789 34476
6308 25518
11020 11116
21556 6324
7574 18379
39126 38313
35429 17555
13489 16475
39786 1083
27476 430
12245 28670
13070 1755
10461 33150
36847 36696
29698 15133
30566 976
39293 24918
32258 32557
20394 23482
2175 30235
382
14201 18884
14856 27000
19357 36345
11844 4492
20048 896
17309 16714
11906 195
33795 14885
8794 38223
6473 18247
12062 11164
1257 19233
1594 27881
7728 23116
24619 4894
6703 18253
38479 12204
8440 1193
12355 1617
36905 22300
31866 33935
36658 10955
10861 28905
16470 20276
28586 32175
33085 1999
28988 28524
2764 24695
23086 25470
10361 6308
9555 39485
31733 24885
36491 17346
28916 9450
27975 21094
27745 8975
30956 8663
8438 37328
4680 21375
37835 3214
23085 31335
6390 17252
32857 5599
24399 16094
24529 14101
31838 24049
14306 23883
23246 8311
21512 37169
5306 26467
17923 25034
21178 9134
34355 35327
20149 36131
18955 34869
25814 18045
7386 14369
8655 36588
1501 35362
5197 5233
1881 2509
3929 1598
36185 6990
27416 29646
16542 34866
29141 28291
183 36722
13791 16071
10754 25560
37529 10982
5923 33444
23467 29038
17037 39721
4588 1357
8786 21146
36934 20029
5798 21596
11186 11454
34246 26965
30364 31292
39892 13161
25331 39825
15110 297
22804 10200
21322 21008
37487 18548
14875 831
14539 22039
11276 10338
21557 32061
10237 26446
9233 16224
35930 29889
3619 28414
29781 30014
20586 5467
13348 36855
34081 23232
12030 16373
24160 2945
29930 27441
11172 3034
37381 18209
34975 9343
26804 38568
4113 13550
2912 22729
12234 28779
28392 35865
30857 18387
2840 25494
38508 27106
7751 15756
31681 21570
25317 31536
27778 27853
16796 1006
27872 30233
15486 3409
38515 1307
379 1951
559 14017
35503 31991
16366 28036
29414 19125
19949 566
5757 20160
22128 6545
8810 39716
16004 13265
14672 3911
32886 28018
2774 11326
21933 12496
29729 23106
22193 38731
31452 26758
18989 16125
27530 5363
15493 18935
31710 13166
28900 23053
7455 18877
13329 10252
8557 11528
21606 20524
208 22895
34357 26110
38418 18632
19018 21438
36879 31863
18316 29146
5920 24045
6786 17515
11142 25015
35097 32620
7833 26487
33388 3384
35000 27494
22653 7119
20908 30557
15804 39309
14604 37867
13973 29532
37746 10203
27390 34786
1001 16382
5528 2207
34077 34030
25426 2624
22668 9428
25552 21121
13152 5298
10613 10098
33523 10235
15515 15920
28929 24665
14800 27274
20867 17699
22534 38768
5175 20156
4263 19315
21318 17816
27089 30691
32498 26336
9898 18168
2786 33590
5705 28073
39065 21072
9718 34561
21464 37785
28145 15756
36610 37338
17523 34594
2562 10874
5894 32403
13380 12208
30892 13945
35510 25803
137 15523
20068 16010
8114 14432
32952 21937
24072 12213
9634 29877
31712 29604
7240 20609
30118 33776
23711 18158
35732 11463
9522 10258
5197 26411
37766 39334
25598 36132
36698 20807
26535 38281
34178 15972
21814 39606
5428 22907
31403 8438
15073 28009
8573 23089
13474 35618
19271 13890
23069 8360
15969 30573
205 6556
33014 10493
13282 16090
23599 22073
12565 33822
5099 25165
24690 23541
12532 39411
7929 3414
4366 19894
34617 18338
22800 18565
7319 26560
6443 29416
17021 3990
19728 12791
20044 21326
24584 6002
34768 35817
37092 13071
38496 5290
8484 10850
26966 25190
12527 29768
28347 19203
34013 7337
19163 7412
21688 12445
11656 16439
32451 35140
16517 23618
23288 28116
2583 8395
3361 25613
25816 7686
32477 6946
38344 2280
29555 34954
19949 18027
26407 10036
27442 35148
21581 4165
37402 25457
22473 5373
21971 17552
21616 15911
14699 7956
12807 18025
14313 15255
23471 31456
7314 28028
31843 848
16933 6252
15554 14512
10870 28621
6055 39890
13377 1824
8599 27656
7588 14913
37279 28223
32598 5101
22889 21547
29615 20074
36745 27431
8545 35100
9543 22296
15819 26657
14951 19906
6050 12068
28968 35920
25542 22572
21937 31700
35876 3683
1243 12616
3539 27336
11019 4410
20543 2972
735 17952
15573 1408
13584 39268
33267 2681
10729 16055
33352 4676
1185 37012
3275 29072
19803 13008
15797 3602
14859 36165
3641 215
14054 35785
34302 34027
10060 39790
33308 17323
19312 17732
13201 20797
2301 38254
9534 8822
33651 7953
19461 21407
3082 32941
38978 20201
33769 19024
38497 35584
3332 996
6630 22014
30010 12190
30518 3511
36926 23122
28779 37422
30142 33498
25133 30059
10110 14303
31412 33795
37604 31708
29675 17046
23274 30952
27025 33733
29636 11726
21624 15116
13777 22978
19938 514
9578 37035
31713 5856
12052 14754
25976 18795
27928 3015
2797 37791
9151 17927
28865 27367
38661 24312
32492 15452
37541 37447
6394 17650
15760 895
4977 37467
38902 22668
12762 37204
15198 33056
32125 31512
13136 8962
1348 1435
11580 20773
29824 21218
17552 38925
35793 30464
12063 15085
1147 6063
22978 8577
11613 26758
27013 10210
22717 38347
22168 8650
22802 20445
38467 6297
27504 20323
24244 1242
365
9893 24968
9690 2697
37559 819
32112 1220
17221 23495
23331 26833
16374 25321
14135 21699
13797 5313
24910 28896
31107 35380
12143 532
30082 13722
33340 26955
16625 14762
33550 32702
7622 33925
22892 22585
16298 7349
39736 28783
26580 17973
20672 23140
29739 38741
5726 39528
1196 19254
29089 14227
4365 34724
4266 15264
31727 16708
38960 20997
5721 11353
12465 12344
4152 24787
9855 23473
34163 36077
1200 38910
8976 16429
6957 16449
1534 35600
1545 15121
30531 17430
7400 35784
16140 8052
33342 9953
1271 29375
31429 27144
19277 16749
13166 10835
18409 13221
3047 36967
11929 7329
3496 21727
13489 5255
16481 27410
2541 24255
31499 4539
27040 25102
15326 39418
29404 31129
20907 4043
37863 19184
14671 9633
6772 33077
28807 12670
26810 5961
37022 2033
34730 39435
39035 5967
18839 14426
24087 12482
28914 21123
38324 13316
37349 22153
36407 3243
22635 4863
9474 33044
9831 35911
1663 23203
1326 27773
12551 21709
924 5766
31534 4692
38465 25425
31097 3268
16072 739
39637 32283
3555 32958
23945 29834
30842 27024
30811 5681
27940 1135
19740 24797
1118 35940
31450 23074
16723 13637
23675 18017
15966 21886
5384 8524
1168 113
788 1845
6083 1905
28909 27544
34409 25922
11452 3635
10153 5538
5780 23758
1349 33211
37047 24984
10735 39860
21009 28856
17030 20316
5965 37625
26398 35362
20106 5622
14056 39992
33270 7236
15022 16984
16741 5473
5002 25266
15646 11771
4365 37188
34882 11080
24396 27111
27674 16415
29221 28330
12992 21792
5428 20072
20982 33497
8922 38389
11269 4827
1760 24878
37508 35267
9887 8690
22901 17804
30692 19481
13559 14174
29591 7997
30747 36252
2324 19750
1361 2441
30499 27880
3222 25458
5477 26204
1329 21687
33350 23166
34422 26354
36819 23993
18264 2410
24510 4595
15609 34222
6734 30539
36392 17983
28481 5210
27856 20440
38303 24427
20196 39418
12627 32218
29160 25126
7623 17531
10533 33045
5194 21861
9108 8965
30722 16797
23396 36134
14203 15778
39462 34385
36322 39083
10398 13632
21273 18221
9743 25830
6740 23099
5540 10205
13915 30442
20989 38696
20079 15993
22857 25562
6834 25377
34639 14689
10765 1324
2415 39133
30351 13454
13541 247
22955 3832
4986 17977
21728 9751
13164 35038
33830 26262
10962 19529
5111 24975
4701 39743
13475 8193
34215 28964
27855 39926
12696 23236
12130 6516
20983 7422
6839 34353
15189 9659
24794 1772
12360 23413
26907 32176
4240 13710
21754 8738
15267 39596
18460 25905
16395 16938
8406 18990
32117 14132
13835 36886
12761 21355
8509 30653
3981 27481
7167 4968
24333 29057
22749 22100
2832 22811
26094 8984
37410 11330
730 10164
7296 18363
18795 20121
15298 30510
15669 35433
11561 7606
14185 30446
5504 27798
9832 10320
29232 22522
33034 18543
10996 28569
30782 12307
29973 7127
10303 37708
12983 4492
1543 12268
25867 16820
12248 39620
12591 15832
36321 6314
20633 29567
15650 21678
12689 2105
4092 227
33391 5777
39703 1843
13874 34144
36392 32439
13122 8778
22050 29123
32911 30857
9355 30058
2435 26855
11407 6959
26282 11936
12506 6646
21048 27265
28105 6177
14154 25330
38920 32252
18804 21647
39105 6141
3514 39373
23904 14857
7854 17344
3797 15440
15257 22243
31242 31593
4576 13212
17255 12105
9330 30405
6633 315
29384 24607
17148 221
26372 21172
17309 8829
35939 19931
3129 11307
14001 33228
22928 28235
27947 20696
5626 32779
32669 25375
3030 31923
5589 12833
32740 29967
38198 35479
6455 12202
9772 5815
4427 9348
3432 17331
2828 10158
39987 12038
6313 5938
9971 2034
4102 38591
6392 38009
16104 18985
24771 31110
39570 36431
15166 24494
36115 6721
18960 15360
15280 1957
27646 13733
18950 14020
5354 19024
695 26243
21589 25110
31899 28726
12183 30778
39684 3455
21784 28879
18633 21032
12569 2904
8116 34534
12252 6467
6023 18954
22717 9813
18511 32572
32846 37303
32958 21512
22331 20443
7729 22875
20015 38297
5320 36535
22989 36390
20249 14898
2359 9622
2953 17043
36357 8138
14901 37757
12816 34966
7724 12547
27953 35279
31980 38494
31246 27280
34576 34519
25517 38931
35600 3508
37249 30058
20773 25485
18559 32715
26158 37494
14383 33701
30186 25503
34883 6009
820 19338
24138 22955
26036 26209
12339 37947
3061 23085
12160 34720
15666 18757
10819 16504
11129 19325
5813 3399
32109 39689
20908 16881
11339 35583
39669 1793
26306 28607
4095 6441
5352 31361
38772 10438
31416 25738
373
12588 39714
20868 28313
34673 38283
24272 11980
15100 33350
31517 24636
19220 35573
6437 27025
31380 24881
29373 26123
23747 3471
4244 37470
1547 30342
26701 34728
20103 13695
2051 18523
26308 1788
3279 17294
10819 16384
7377 37160
32300 28958
10043 4155
28230 34214
37128 39984
29137 22373
18204 1599
10115 34192
33198 30070
27920 12487
38195 30830
1245 26246
13610 26931
11593 20518
25583 17078
31216 3158
9668 27376
11317 1174
18919 7749
6146 8221
7730 1954
28897 31639
16950 3517
197 13197
22440 16394
26149 18689
31846 14397
898 26703
26880 24900
24977 39817
11153 4004
29878 11136
33670 24723
4961 8407
22410 20325
13021 26654
7099 39875
2474 18594
14163 30239
16665 16734
2512 4067
17522 10866
272 25938
37624 3524
13267 7931
8200 6044
19495 30994
37351 20121
1348 22626
37638 7774
22279 3838
39648 9219
12369 426
6373 31675
34586 10659
21971 13868
16301 36365
2257 25471
24897 12459
4455 13018
7528 31852
18891 18708
880 15335
36889 3250
26065 16091
22057 12358
7205 8647
28116 30400
39087 3248
10411 28677
18485 37947
8516 15847
9617 4459
4405 15954
38396 8948
35221 8743
36603 24504
7248 35312
25760 25067
30555 1044
17116 8130
23041 6329
16748 35821
9814 7431
16696 15519
7615 24115
37355 11552
3291 36150
26749 23724
24117 8403
38519 16608
34580 15312
38167 20783
10127 28719
24419 33868
20877 11962
10457 11001
14206 38800
2050 11304
26479 37081
21053 18263
22243 9382
4119 27134
10879 11186
28764 36881
29261 36146
16563 18131
901 33202
34867 22684
20361 28160
35026 38041
22240 3939
2753 1215
9642 32080
10396 19283
20796 1807
39761 17080
27739 8256
8532 5427
30196 20602
5395 2294
24683 26676
38452 20293
6480 23515
29773 3051
24436 31996
16659 5224
37505 14611
24716 39055
22461 9150
37671 35085
24728 29906
36559 3464
38096 3030
15400 1079
38268 20677
2836 25313
35334 14269
38612 4038
22437 11123
27598 18109
10695 10559
29135 32607
22668 18907
22943 24564
1831 26449
13293 34431
36426 23856
31023 17754
18184 30277
10141 8078
641 4864
30950 32358
19201 32389
19015 11303
15983 5238
14428 12266
38407 2412
20895 39132
33699 14155
18888 21350
30790 19749
17944 10917
34511 20407
38715 11707
6813 36614
1145 36753
26276 12699
7481 7665
19521 29171
20456 26222
29222 28329
37242 38277
33172 34153
7339 7976
27406 5245
3785 31138
21490 31085
37670 25608
1913 6045
32105 34754
8013 4233
16479 8730
33062 12574
16512 37410
34242 19395
25007 24820
37775 17226
13292 28141
20037 32491
25739 11220
30017 29699
4340 21457
2343 11974
21079 5654
20705 27753
26069 14689
9354 18598
15808 19613
5780 38289
5947 721
39683 14736
38033 20071
19802 9159
27255 39
21904 29303
17385 34925
15350 24209
39636 4080
7885 26524
26524 16430
20921 26563
4614 13238
34400 4576
17713 29442
32431 1372
6865 22875
6880 11832
14687 3628
34209 15296
13891 7161
17868 23731
33100 35502
39803 23725
17346 13112
26209 1982
20049 18700
24392 16162
13840 15903
31608 3718
37320 35961
294 37806
17049 15194
1152 33492
10225 858
33785 2580
4054 30216
29375 24300
15673 5709
29854 15391
38864 7026
10536 38779
31238 34817
10717 29640
5450 21503
9880 29469
26480 28353
38384 1275
1483 36674
22360 20004
11699 2292
34169 25356
15379 156
2810 23895
18941 17008
32790 34730
10386 17657
33756 20002
5689 9511
21100 26567
20702 27045
19729 18059
32463 38074
1157 38399
3446 34679
2763 31961
22985 25566
25713 27289
28454 17499
20599 2051
23682 22700
13424 37145
26287 205
1537 19876
1227 15586
14681 31286
11048 5213
18318 26180
17984 21750
445 8536
535 39489
35532 8167
27652 13023
33109 10949
1546 24562
34004 2152
964 6160
18160 29144
8051 39567
5433 21558
1296 25994
27033 26521
32631 17740
1553 14174
1364 33847
34219 7066
30507 1713
30596 25289
27152 12145
8736 13389
28489 11095
32302 25165
11099 213
6067 5713
6051 7552
5066 30744
19004 36808
13296 10024
29861 16490
9925 20598
12763 2645
27324 27307
22916 10463
17325 8825
30190 10557
29414 26091
38133 31186
39116 35785
946 11330
18142 12511
8371 24603
14592 37104
31498 19360
33144 27072
10453 34037
12154 17342
22660 20836
4886 17793
14216 388
24767 31399
3690 8230
27591 21621
28332 7745
38919 32322
18980 8002
29389 17708
2502 18613
10593 28417
7950 14071
23156 35492
31192 27318
30257 30356
10789 67
31971 29547
20377 12735
7717 36613
31592 7058
20690 27775
26136 26423
23725 3324
32565 14243
23713 24974
27164 36470
10751 17783
101
22609 38179
23230 17464
14894 9044
25387 14505
15345 21773
10959 24205
1920 36672
30277 625
12252 31050
2419 28374
13051 7399
24702 17571
21451 11568
25518 8690
5857 5478
22266 18223
9707 16621
23993 4490
31258 2063
16843 23967
35629 4716
12684 28274
30785 37086
8794 19207
27271 39538
29015 21840
3100 1281
34722 3431
10392 1517
19405 16654
18151 24222
10129 22861
29615 38725
496 9173
9903 14597
1715 26036
30351 10647
31514 10521
32673 16355
26295 11453
8022 23837
20399 10664
12653 19669
3173 26040
38740 37105
37752 22219
13395 32146
5049 14030
34366 3776
9366 37093
31859 22666
30034 7066
37284 6987
37180 39835
595 36426
37869 30197
35320 29798
16781 35074
886 16160
17487 970
32226 4074
13390 11538
18766 5785
4002 8616
19235 32422
3717 33502
9161 18123
7537 34803
16087 12822
7872 39621
20236 9981
27471 17217
19749 8051
15732 27164
39601 1481
16009 20609
14174 22529
15195 33315
26035 13673
28616 14666
35595 27658
1684 330
24379 25815
38018 22885
4779 3998
7258 34055
9657 32676
38933 37107
35661 18795
34250 24620
7161 31959
6814 38437
21748 23674
35713 31559
13235 33313
9904 33468
36633 21049
35246 31325
35344 7439
14579 26555
6321 20833
386
10197 11017
33533 15023
7146 24395
33284 3240
3581 24512
24272 35629
37095 33008
33924 39999
16447 19401
36523 22271
4474 663
12490 3551
39611 25515
24661 22884
17769 33417
37231 34752
5348 31794
34811 17559
13514 35219
356 12831
10209 4020
5016 32921
599 26106
3713 38427
39180 27296
24218 14630
25531 1487
4115 15189
37996 26601
6012 31247
8642 21566
34899 4982
11988 15830
33187 22050
29402 9271
23697 27711
28200 5060
29977 29819
35906 14858
35360 30789
19476 3505
8573 3531
9994 29913
14544 3070
17264 11251
39099 17325
12811 2075
5273 23943
30148 35199
23341 4071
38662 11292
18502 21909
21167 15216
24866 29518
26081 32344
22060 26354
35202 2072
14809 34455
19652 6820
1347 27201
1401 26611
16227 25067
17273 30921
21391 16107
22024 38005
33914 17080
34333 2254
33982 25589
36658 33148
22982 32643
501 18719
35409 35571
22997 8554
5970 3366
5764 15338
6509 26004
32538 35893
30177 12145
7659 17625
28332 2968
7234 197
19389 36595
32138 409
20172 37323
18940 13288
10352 3488
2535 14491
39646 22949
11271 22836
20661 28611
6072 38285
22244 34160
34567 27790
25937 27437
5783 4661
16967 30416
1590 34682
25382 5177
24886 20741
19682 23818
31315 19564
26647 21008
28633 39470
11364 10460
26555 12436
27397 2322
30078 37465
9134 8520
21890 35644
19851 14376
29859 26385
29203 32660
6146 4278
21380 8647
26506 21604
2732 15146
25654 23877
23423 4678
12382 22898
18335 3754
6917 373
17028 17947
7381 6992
35958 14039
31659 2019
16683 14247
28980 36404
23443 33072
10972 8453
23055 20213
21449 29825
22586 15342
16014 21860
14138 24315
21083 36168
34098 27354
3403 9713
14005 35386
21479 14041
22053 18072
15498 16832
19103 11910
25917 4411
12302 11389
17260 4715
31 22245
8539 5187
10350 37445
20117 22505
35523 30716
27198 37703
24203 9365
13980 3698
31937 17660
21538 1697
31939 4265
3676 19330
3950 26811
5643 34083
2164 19484
31263 37684
39157 13054
11762 12754
13180 18533
8191 28971
9667 32884
27161 32565
3818 7757
26888 4490
33502 15820
15054 31286
30573 31811
25951 21368
28019 22180
37071 2718
745 16709
5157 2292
39722 18615
32935 35013
13405 15869
37573 4197
29402 23918
26945 12984
33930 20330
13717 23510
23740 38580
13557 15841
6894 31052
4161 12244
7219 24839
28735 8589
17073 24238
18085 38319
30648 29238
15456 22050
6669 22668
22916 7965
33289 14958
33269 27161
3167 21875
34957 22212
29855 32910
16388 31093
1379 6494
19617 19510
23679 15947
15187 30462
32660 19181
31277 33091
18950 9040
31535 25491
30803 28072
8876 33137
14249 17790
38755 9922
25897 34110
8115 38390
20870 25632
10184 12182
27047 38055
18316 25051
22400 39203
7988 9029
26827 19283
33664 38984
29289 9506
18388 3890
29459 16859
16221 1682
18608 12433
30218 8210
19177 32655
29506 33267
18577 3049
29594 53
11772 19310
39324 23111
22063 16083
29501 6819
36730 12537
22863 4097
8379 1074
5692 27372
16311 34097
25006 31893
26128 22343
11524 9448
26025 2683
12470 19473
11632 7579
27931 13046
29516 33330
611 39059
39157 14041
7135 3092
6505 4110
27494 20122
9355 30947
24357 21974
3102 38353
6513 20544
29071 22499
37423 32974
3959 1409
22620 17184
31376 12299
1567 16933
18397 34852
21157 1699
39053 23421
3538 33024
5353 28531
12893 4402
31927 30781
13293 21194
19277 25232
26259 33897
6269 34288
14921 24019
36990 38669
21813 38351
27270 33454
12465 39656
32515 20431
10400 490
37170 15855
2687 11242
39086 27489
34345 1755
26092 31658
6423 14321
12737 28540
10480 33026
8203 12333
5259 30424
14985 26400
14484 1352
4566 39364
22205 12330
923 10516
33849 14094
8224 30651
31518 20371
29146 25258
21764 10327
26249 20557
11517 34334
13728 4918
7367 2181
19109 27021
7643 7360
20334 29913
39589 31810
18655 12230
364 23072
35894 37532
14593 13944
11935 38560
11476 28716
21915 38962
20103 3546
35147 18966
13783 29161
16237 11643
25350 22566
1888 14257
18 32593
9558 38764
6903 9358
38130 11888
615 12212
8712 15361
39506 4200
23978 23588
13806 26198
24718 32755
26322 35822
14929 27198
14366 21770
6588 15467
28462 3094
10050 1078
9045 20506
10707 33604
38722 28781
5407 2236
33433 8185
8430 766
32070 34986
11171 2009
10633 23022
19915 32587
10150 21491
11191 29101
11880 25297
13474 24403
35058 2973
26411 30491
19602 15391
9329 13527
26271 25125
16319 20005
36372 14945
13882 27339
27627 25058
21767 15930
30184 21886
15972 15395
3262 9317
6453 4554
20581 3802
5929 24285
10224 30846
7509 26305
31295 39028
26864 24541
21172 22179
39054 11056
1138 2333
8701 28477
553 10449
35131 7566
18467 13797
33750 6618
30334 21314
30989 39794
500
5271 29705
26741 12075
39056 1244
28090 18778
9285 18964
24401 39679
15834 764
20392 18970
20035 1116
29902 32754
10736 15591
618 27919
705 10908
24280 38164
39086 17183
19642 2391
5969 14562
2146 13498
24658 15480
15300 6661
4666 16007
4899 29454
33349 15778
39432 37451
8495 36845
1214 34217
31426 5749
27566 26486
33384 29112
24834 12994
11737 4835
19166 31985
34699 11559
31437 22327
10199 22739
36992 19180
8905 11484
27863 2794
26176 6145
25166 6555
32101 36217
3881 17567
15564 20251
19846 39173
19522 13673
30973 33400
30762 2828
36726 24179
2217 14203
19739 35815
35796 37576
31929 4108
10262 21573
14180 12507
37287 13783
32114 34470
22376 2705
39228 16621
22587 8364
24744 22182
9563 11733
28902 2371
38898 16572
35997 24681
348 38136
4534 11721
32237 34612
699 39120
10054 33016
11266 26509
9920 22776
19627 33565
36709 27521
37235 19350
12164 28885
3178 33093
5156 22942
28557 31230
809 31452
10010 34696
6628 22089
29401 13294
17960 12083
12354 2340
4911 12910
23655 2881
31296 444
37118 906
35452 5346
14406 16496
170 1536
25229 25527
35579 33072
34239 23661
20582 27824
19479 953
37725 6741
8400 28463
36933 270
26356 19315
30303 17882
36535 10930
15314 24294
11187 29499
9249 31609
8273 1978
31499 13075
6202 11387
11241 26038
19520 10210
37130 37488
4605 3699
6912 35812
31696 30522
14397 11182
15939 14085
22363 10318
24761 22107
7953 34626
23079 13292
32275 33444
13967 9413
18847 9874
22904 5097
32396 35075
12663 6437
9003 5581
30845 32948
38089 30225
11215 3441
31018 11859
37924 25459
32054 25857
1742 38478
38543 12729
1170 3254
35429 13157
34504 7654
35932 14832
33066 10145
18723 36102
32833 32629
25553 24742
12202 35098
26278 32892
38062 29009
5527 36533
12479 9775
10833 21258
16565 24950
39961 24957
15012 31755
17284 14387
2235 1139
26112 9897
4505 33304
27660 2193
37647 24681
32766 7079
12383 38917
20969 30029
2549 33052
30563 31046
18482 36752
11365 20258
9227 23503
11408 3215
14731 39706
38416 12537
8629 3290
11300 1112
32034 20582
38611 3384
4717 37015
24797 23664
20926 13224
17627 28407
17109 7414
22198 30990
23692 9257
9880 34106
2811 14228
13724 35242
1123 38330
8866 31489
26481 31408
1277 6702
18456 19426
29355 38682
18208 27383
522 13305
22364 18722
21421 29266
2056 36050
28295 523
16936 37177
32845 32227
982 27904
32655 22997
19515 36086
25280 22245
9343 8445
18226 12240
27202 8261
27635 34021
23434 9233
673 28775
28562 9112
8415 25837
21882 21590
23804 22653
38269 22841
19543 16345
10281 6616
2374 17180
20394 39177
1886 23252
6879 35319
2439 7968
8501 22858
27501 25692
27846 22423
30927 30919
5191 27673
27291 10179
39858 29704
26559 5120
12729 39188
26534 32192
31230 6400
25539 33010
35259 30960
6543 32511
23108 10364
33451 5997
34319 35889
29684 13841
15858 36288
12658 332
1377 22990
21769 35741
283 22543
10369 11350
10751 10011
33758 18524
34396 3334
33584 14427
39602 8790
9483 23116
3325 12468
14088 7362
27786 12928
20181 6576
11875 19023
37465 29915
24750 29703
18968 7036
22468 34072
24014 30226
32733 25638
5382 30028
5119 4296
6337 7820
15800 1232
36707 31968
8831 25179
25829 29532
12694 37712
18184 28937
28104 28747
2160 14201
16159 24784
20313 16411
12473 34892
28459 5546
34235 29266
22123 6888
9158 8633
35733 12503
24802 27499
38932 29013
26669 35604
18693 33125
29417 25077
34955 8389
21815 4490
14888 8051
8210 9913
33705 16875
24415 25541
13505 36203
3347 3863
27084 13456
25844 15444
27124 10409
25600 28468
37689 15992
26557 11043
8323 1428
7556 33761
22127 28890
20084 24470
26868 20
13623 2982
13746 3150
39028 22603
25607 2502
38228 28838
29476 27237
29748 4747
2273 27551
24510 530
5407 9898
11053 8535
1514 34253
18241 5032
9339 4601
29236 1232
32140 4599
6826 32214
7334 39438
12956 6703
33447 29092
18269 8029
16433 12047
21472 1916
24147 30409
7275 14728
23126 39179
24405 6137
12138 1338
3161 2455
5728 30379
9629 36988
27275 5393
12200 16312
7033 34482
8180 4926
16472 20992
29052 27568
35132 10839
33102 11345
8320 16990
32456 16884
15300 23997
37796 8092
29302 13588
20376 22148
14198 27263
27332 37131
20523 14959
13888 21891
36629 35451
14187 24258
22052 24413
35754 32227
31247 22716
34205 13815
24640 2374
7327 17900
10533 37695
6439 3970
31520 17951
15815 22647
30199 25426
36065 22211
19428 36
32398 37514
36084 18246
9928 27944
15470 27572
30133 5170
24892 16268
26583 20380
36130 39047
632 28550
30988 29962
23480 13593
23438 20760
26315 14313
37908 36862
3761 19788
8243 11914
14240 32863
5861 12656
18180 34936
35103 28939
11954 31977
267 30616
17747 24838
1498 5900
39543 18222
32101 29654
11789 39718
37693 31452
2267 15125
18100 18019
9090 11232
7426 990
32300 19486
27389 23285
36471 8585
10737 5123
13402 5772
6250 23366
28229 33922
14936 24734
37923 26569
16377 18383
11194 38173
18436 20016
14242 3693
22933 9425
33323 15487
21630 22343
35677 34403
31025 34476
34829 38216
31757 20547
36968 30373
10870 8024
2595 36440
16700 1824
28100 15881
6101 24726
29156 26999
39881 8581
30206 8901
26383 2425
26683 25614
19585 3846
17586 38165
30875 35859
5373 10770
25477 13558
15318 37508
22978 15884
39927 26575
31649 26254
39209 8802
25032 11287
31856 32833
15240 6454
17210 6169
1246 9980
34261 29169
5902 22040
31790 36115
36678 14583
39055 8801
3532 975
15342 15280
9703 32731
7495 32179
12131 31104
4267 1114
27660 3895
21195 16221
24673 39818
27830 5443
21408 29131
9836 32470
2991 24405
18551 21284
34640 15596
9860 36176
1332 33574
10851 24603
31217 2106
24800 35268
24300 3200
1631 26539
20671 12113
25048 27953
7353 39573
7239 34132
10066 4505
5154 5529
37035 17694
21871 7925
4108 38833
19573 24100
27782 22294
14501 9554
25526 75
28981 2575
31597 1027
29487 38964
4506 37767
31498 22408
9128 12263
37990 25404
38 33754
15375 37734
20632 30556
32139 3359
1263 32525
35583 28189
30511 13309
37946 38415
293
31517 39433
28689 24557
33379 23136
27664 27536
27917 18341
27248 12411
8001 34727
32489 9090
15442 14987
26205 25642
19428 22887
30437 29030
24578 16165
35278 30790
32475 25164
27794 35635
19995 26658
20581 22392
27770 2350
22022 35203
26248 22216
8248 20360
39729 11750
25724 36402
19677 15892
39354 19807
10275 31989
21356 6774
14135 2976
6581 26381
24061 17731
2887 30402
27252 15999
14102 4892
23981 9785
13633 35911
1346 23396
19846 16782
23321 27160
9654 24114
21251 10128
16144 33375
30595 1983
13647 15667
15026 28599
31997 33878
17646 9302
26010 12657
33496 23141
35353 38906
29806 22525
442 31160
19865 8165
35156 2520
9514 15825
18269 6951
7213 14008
22294 30500
26400 15826
28632 26589
5374 37354
15341 39379
20836 24874
34436 15025
16974 6354
29931 23765
25666 16937
11808 14021
2516 23380
16424 31428
39661 33517
29531 33309
1103 15660
14740 1083
5327 366
2673 1582
32199 32230
24885 19738
8661 9004
18521 24757
10297 9791
26535 34469
4062 5928
7845 25354
32565 23556
24829 12262
35430 7556
11622 3089
7483 29613
30661 4857
5070 32516
7393 14994
38568 14742
26265 4931
7262 12843
36381 24659
17967 14596
31569 1267
32786 10165
10534 19248
1696 14709
23479 27724
27639 11629
21848 34078
4226 21714
13485 14223
1433 12568
11184 32039
6509 27037
29494 39271
39797 15459
9158 32651
23929 7443
29760 30043
16561 37594
8928 17589
13866 3030
31342 39659
17273 30396
29512 18807
5824 34557
31243 9334
35622 33236
9287 3319
27410 2965
14671 18935
29744 38947
22033 5710
29610 27180
18290 14854
30736 21881
33636 24699
27252 430
18637 4843
10908 8083
7532 23795
38525 28516
16346 29792
33285 28562
6027 21028
8943 5767
31992 4424
29739 18486
30640 33843
39934 20530
32995 36339
26855 34973
15047 30472
19487 3501
26592 2029
23699 14348
1503 12281
28092 26488
16591 27499
31961 24896
7643 35704
10130 32587
189 39253
35182 14887
23917 12392
21496 34040
35610 27690
5307 2297
20527 3310
34843 2807
17524 27889
19926 19206
8738 34579
5456 2297
24836 26923
4548 20126
1328 8631
19475 11973
32786 19552
5897 13129
7925 35275
32904 7272
35755 33156
13044 22356
11047 32463
14471 36130
17748 5922
31180 16687
24264 32676
26295 9413
1369 39966
4534 25130
10455 8699
16917 28222
35514 4548
2585 17534
26605 38590
27768 32110
19434 13541
1994 34274
19323 18374
1416 18319
12832 24317
37186 26783
15160 21359
4759 12948
30946 137
26117 21347
14058 6117
34923 28394
27533 35973
7813 34324
18769 738
18321 29015
18708 33340
329 19800
18589 24891
3026 27885
22458 32000
18472 38493
37388 1198
10648 23788
35569 12403
27035 9404
27725 23865
16657 29131
10159 37234
17090 6278
25121 10283
12120 26065
33274 2253
33980 21600
2782 13938
12136 32951
5096 3017
29553 30888
36795 16906
37640 37139
8914 16674
37958 2160
32941 25479
8366 15328
6319 5020
18181 24151
10842 21319
28247 9529
3099 37314
1182 6838
27046 29804
7599 13048
20013 4362
25856 447
26482 33337
18460 36969
4614 10854
34534 36509
28862 12586
20532 5010
16749 13472
10908 38566
15262 16411
6754 573
38178 24639
26420 32866
17368 14795
39106 34577
37855 23920
35156 18529
18177 2796
22597 15476
34001 24663
25736 15383
36845 34417
36992 5288
3654 37004
25147 11199
29684 38334
33643 34645
9850 25652
19717 8699
11090 37583
11915 39250
23149 3439
16472 29445
16108 19301
26290 11563
22902 6775
29176 14455
23488 14757
11629 22638
36021 7435
4932 16958
39085 10190
21126 23698
24247 14483
28953 27258
39638 26003
16271 4126
107
32244 1471
20978 580
17027 39844
33725 26800
16682 34298
1769 6312
4875 38081
38110 32211
35152 36215
38951 28402
24350 29609
26639 32553
17811 10075
31748 32975
7196 39182
13536 21648
8599 7603
35905 2403
357 4076
5834 26037
18819 30264
38779 25070
8391 18335
35364 31617
30944 3216
18770 33732
35467 14692
16190 22876
37138 10196
9126 39759
35911 8077
32376 9502
35820 32821
29929 13328
37318 35943
3588 2734
23022 27541
25962 23679
3309 37884
31880 4701
9124 9291
5813 33905
26443 26307
15695 6717
26690 19008
36663 5453
10478 13249
8434 33876
32826 6243
5854 3226
5144 12293
22912 22343
30765 10790
29829 14844
31593 29590
26142 4739
4642 14777
33314 17420
31543 31968
25836 29037
17180 30257
23585 18823
13484 22005
25536 7856
28317 16586
18150 3971
11974 4260
33888 13069
22729 36953
9949 12267
33324 24686
34867 26063
29225 20029
38852 4738
35729 4338
34997 11275
39440 35408
23367 30209
34442 33134
28049 39614
31164 19007
15801 4434
13404 22106
826 30023
17316 1276
18732 3788
342 4570
5380 16131
30955 20214
1227 5944
34923 21978
19488 33646
28931 3516
33317 24
32883 23803
11904 18356
20396 39774
9322 1580
28449 36032
23999 23062
38570 13363
26519 33797
17818 7980
90 27241
26025 17333
36968 24291
27229 7433
368
26086 32495
11464 25766
30180 4034
21659 9189
27618 15513
28836 26377
2145 6196
25688 30557
18904 13661
16641 35737
31022 3135
6735 39248
32865 2049
25594 12216
7980 5140
2830 38544
35614 25942
1599 19966
17326 24937
32801 20292
10556 38506
13296 2839
30244 11827
8892 37415
26063 620
39215 22155
10699 888
22768 28428
5653 17198
38665 23666
25325 28598
13121 21931
11748 20809
35814 36371
30540 13989
3333 16096
26422 13251
38529 15366
33692 8571
19172 5365
36363 18769
30700 21636
1703 16837
18924 3669
25479 20308
29492 39809
18198 27808
39093 28469
33611 825
28635 25265
33364 14683
32800 2161
22508 22785
2625 24553
12469 33207
38372 2623
25154 29179
24388 7289
20591 16143
23223 10979
36119 9453
29740 7245
22837 16065
27127 4791
34312 28738
39853 3003
18870 552
25619 28483
32693 21565
16044 14836
14673 33063
9424 28425
5299 36440
27392 36654
8648 27800
23811 37143
6760 13058
23011 6356
28116 16169
2959 21651
4890 35955
24433 14203
23206 25088
36338 22653
10790 39397
39 35125
12776 3472
14107 8917
34468 18781
17121 20615
14486 38119
32013 26013
35101 31960
37212 1661
29437 24628
12495 18328
4879 20193
421 6428
7124 17286
31738 10285
9555 3323
30551 10938
27371 20770
4090 16783
36416 31073
27600 36042
39152 37356
26145 38548
20626 29491
14895 39071
454 10444
4840 7316
7536 13974
33747 21054
12213 39881
26454 21149
9045 20348
12143 14772
7167 24707
4452 3751
31196 39979
33712 14337
9760 26350
35002 4566
17942 29422
35888 36360
21287 25648
9906 15572
26816 16574
25069 36609
9256 36371
26269 36627
22333 30970
803 18970
25417 9748
35290 34742
17147 28453
26578 13717
1763 20260
1367 16002
34303 14784
10156 19885
22675 2472
16679 5413
13121 27007
13462 18984
25205 7873
39817 5044
10764 32911
24405 31023
18945 16194
28716 1305
496 19471
10059 39610
31411 39900
27755 37612
5520 37591
32312 28689
9577 7226
4819 11252
5641 34764
31989 10105
21097 33504
32819 21416
37505 32495
15776 3683
37415 20350
7021 35127
11905 34428
37661 732
31055 13312
32885 5147
4302 10257
19924 27671
30888 30001
2654 28956
34789 8513
17322 291
32480 19428
19075 36257
5539 28715
9855 13014
36328 15866
13782 30826
7601 6545
4004 9407
8394 39987
20656 21486
30729 22338
27450 1517
2899 19773
9227 19103
37142 25197
11732 32570
13317 200
6744 13704
11125 23205
29920 36528
23532 35612
33887 37704
19907 12639
13691 4964
35345 12018
6573 30937
4286 20252
13336 32700
19880 15156
28141 35125
22131 8939
35297 25351
10541 28621
31718 6303
8938 4258
11637 37974
20944 19810
26845 29299
5322 22383
36747 35430
15588 1685
6965 35302
16856 9568
33619 35926
38887 36438
5007 21297
17857 34252
38395 33938
5160 25048
5634 36148
24153 30132
197 36272
27029 15062
22025 34081
38743 30235
4621 23395
11310 19709
33259 39325
37009 16481
10169 3279
39174 7385
15002 13877
24100 8807
16372 3978
38323 10353
18433 17433
19487 13476
36736 39946
31874 37094
30341 26819
3654 18517
13969 27426
32406 18290
31068 27175
12498 5000
25952 618
25702 29460
27943 7483
33885 8842
2287 29091
17562 22768
10035 38645
1515 1807
27 28711
8901 8860
526 19517
3063 22340
30293 25195
31367 2934
39760 30689
34808 9457
26304 13687
29832 8911
11764 28798
37369 20155
18819 27940
4215 35165
27913 9208
13468 25352
33524 24681
10019 18966
18611 11358
34582 5921
26791 38147
22978 29764
36124 7409
2987 27997
16305 15370
33164 17804
10791 15201
27345 21506
19727 19597
15134 17586
3049 39498
30100 12560
7156 17127
7088 21911
25833 5063
12942 10317
5497 22971
5446 9984
34073 15651
35288 18677
27833 16698
21545 14192
39258 30027
25419 17098
23581 3680
9651 11337
32908 34844
3926 39878
25257 30017
10859 35834
10804 16892
4483 22855
35661 13663
9470 30488
37220 10630
34251 32889
25497 465
12062 4176
399 19187
24425 10985
10838 24808
7025 23947
23169 14219
36614 38371
12520 17691
28845 36541
2248 29806
32912 8213
15024 28322
29438 4785
4844 15294
6847 7917
17587 32191
27321 16208
10521 11667
35009 23085
30305 13616
13919 36823
37138 32053
132 25990
38514 31767
22855 16794
10092 29820
12794 27790
26144 19909
25042 16501
27186 13087
22576 35380
1155 17031
14846 36217
27343 10245
19951 13784
3133 28995
10898 10606
99 5876
39173 17605
35759 4533
24995 1505
20236 14394
21259 2212
36793 6381
22008 14733
31434 34149
26769 18988
37748 10219
30687 21695
32095 26951
271
33526 1303
29099 20794
9907 9106
39128 24273
33504 26303
22744 8181
21552 35401
12971 7154
25635 7729
1176 9994
21784 9443
23694 32205
21760 24079
2129 12707
24455 23802
3286 36094
19646 3656
4230 13769
17049 37480
15584 22758
11675 23036
1854 4399
35749 29413
35970 3877
10506 37522
27659 23001
21145 19042
11157 13358
20872 22892
13276 36811
7203 24230
34900 21829
36575 6809
31170 17738
30485 2716
39523 16134
33988 2707
15058 13271
30854 11187
25497 17275
39887 11641
17085 31474
20489 21038
35164 30987
7776 17719
18524 29685
30049 18971
25313 34470
30875 39103
32444 6515
5288 31642
2468 26423
9454 23705
37850 6363
10965 24335
21732 25405
33516 26870
28109 25637
29643 26545
17650 28628
26836 20922
39728 19712
31481 12998
29353 25820
10353 10367
6206 30661
13634 3215
30423 28360
5622 26716
25497 36718
9150 9803
14707 33929
37893 34975
6648 6322
16314 11681
29789 2391
14122 24736
11241 29521
14618 23066
13721 29369
27880 6410
19662 10053
24027 11552
26364 33723
27052 19756
5429 21334
31406 32701
8152 20267
16686 39712
27133 8822
35841 29098
12322 36138
16058 26715
36139 29440
30156 30303
5211 37784
8734 9933
18385 17632
27674 1570
21984 25657
16001 24374
13604 10656
38435 774
19149 9344
5457 22719
4122 35484
15059 3976
19460 1162
27837 13928
13059 27310
36679 35447
30433 24741
39115 30673
25908 27595
10063 485
33528 24356
4316 11175
18031 37956
9719 14786
4501 27875
16396 17373
12863 30988
2659 29906
18817 8681
37234 3443
15932 37143
3322 24670
26237 38545
15844 22228
27924 19982
37081 12460
36691 23367
28197 26800
35921 15617
10440 3295
4198 13514
4405 15544
36912 24443
23554 34939
28830 10674
13136 29461
14848 17244
28898 16319
1916 4931
22436 32777
36531 27362
9364 24318
5353 18433
117 21639
26741 13975
26261 34528
9257 13013
38204 30037
16713 20199
27983 36546
12658 10145
23463 27469
19747 5156
1350 2518
33394 36265
29544 31394
5271 8103
25040 15457
23335 12393
39220 982
4380 39777
7562 15852
14871 1175
35409 28537
35040 23569
39636 20077
34944 25665
12772 36347
19217 36489
31364 21662
1062 39218
25447 32418
35385 27924
29908 6002
7932 16666
30388 34222
17655 3518
18752 11792
31404 16694
39167 3391
39216 31379
21164 38681
24442 38831
966 11553
13554 28525
23261 36366
4905 10763
1014 35420
28538 34636
36009 15518
12705 26793
35118 11750
16559 6142
25915 35555
33645 11297
27049 30991
35256 36317
19417 36444
35000 33447
8941 9384
29051 913
15747 9675
37753 2250
31361 30881
5400 35473
7943 27478
24944 31892
2874 36595
14719 32307
36660 732
511 7408
10316 2544
17014 18607
27018 22582
33455 2907
31849 17466
49 21107
27540 35442
35038 27613
3347 13853
15766 16490
19207 37713
12215 32692
38820 8017
14753 9222
8636 8510
20188 905
21969 24525
6528 1745
39914 25433
15830 21322
32817 34230
4687 27597
23798 22200
38229 34407
5410 2119
36904 14807
210 29431
33523 10519
22022 27598
22897 23397
31677 39193
12833 7495
28607 38581
21122 30419
28529 26220
31163 12219
31222 13633
6586 19839
35657 19978
30768 22774
33607 38990
17906 28092
23706 5557
11828 15442
19563 11059
36591 30570
11514 20434
13519 3558
24525 3070
23143 34291
2611 37702
30245 17852
6090 19287
18202 26509
93 38846
53
35354 23784
14977 39675
28383 18081
242 7163
32867 18683
9441 2391
15474 19738
18066 856
26000 39502
20465 7837
34855 17890
12501 33417
21097 34354
17074 33249
36753 28902
25893 12462
3003 2342
7942 32059
10919 27427
1253 19224
1678 13982
18509 27332
21478 17395
36922 36826
12426 16095
27984 13227
32656 39050
22216 37963
7507 16917
4807 9044
25712 39957
28759 5986
35909 28236
32219 2949
10208 24703
6560 24746
39546 33251
25890 30395
14628 21895
31582 31968
36762 37599
16503 13816
34319 10107
8492 22559
28141 21430
15763 4694
12453 11749
34499 25322
24267 32222
18647 5829
17161 31047
24768 33209
6839 12500
107
22473 27937
15009 14757
9060 25696
20103 2082
3412 37465
37032 23322
20639 24266
4387 39299
17364 31254
19387 28071
36333 14977
18717 16498
23066 22475
26750 28623
20558 38027
6245 799
28717 25953
35064 7367
34168 38223
4000 9988
13339 26115
24627 2380
35205 26094
10039 13522
18093 38843
3761 39348
3307 7382
11380 34180
6482 33920
15882 33107
3706 35928
21604 26292
22697 4714
31504 1649
14695 29700
26297 16497
22907 17027
20731 1757
30191 19504
29406 38271
13199 31527
23163 23709
11688 23512
31882 22843
27575 10918
12544 25568
37707 8134
23888 39631
28047 29
10751 4449
27905 4682
8344 12017
27932 5255
2566 35089
36046 10048
18589 4954
34652 15489
28134 20195
10366 5199
3785 21598
22055 16108
4228 33147
23555 36211
33096 34334
7931 1567
22018 20326
30153 29150
1772 1017
20104 19424
1031 11920
1754 35907
28337 25982
14375 35708
7571 15148
5085 1209
3857 7678
613 39441
22540 23724
16273 29313
24549 16095
33705 12993
13833 37061
39341 25875
31912 4921
6158 21333
25020 18845
2421 3403
6896 20129
23956 9843
25154 30843
28729 28435
8671 27778
8284 38030
21304 14715
1644 33040
28719 31614
17365 26603
23660 37220
10746 23931
2577 33299
34374 26497
20066 19400
15858 33364
30913 38582
28940 7067
12278 34634
21259 6545
0
