[60,87] [41,5]|(1 [91,-65,80] [-93,-61,-42]);(2 [75,10,-82] [-40,99,-52]);(3 [25,8,-95] [80,24,26]);(4 [61,82,67] [-39,71,55]);(5 [65,-60,-71] [12,25,76]);(6 [-54,-80,-73] [95,99,33]);(7 [-91,-53,43] [57,-89,-41]);(8 [51,-42,7] [56,74,-76]);(9 [-91,-17,56] [-57,5,-77]);(10 [-39,-1,-92] [89,-87,90]);(11 [-45,86,-34] [35,37,44]);(12 [63,34,43] [-56,-6,-75]);(13 [93,-16,95] [-92,-29,-16])
3,4
[59,20] [5,92]|(1 [21,-54,-83] [-82,60,37]);(2 [71,-26,85] [35,-84,23]);(3 [-60,-5,98] [21,-77,-26]);(4 [-82,-100,-85] [-56,-35,96])
2,4
[29,85] [45,53]|(1 [-37,-70,98] [86,-84,73]);(2 [45,46,4] [-31,-62,12]);(3 [-79,-89,78] [69,-41,-31]);(4 [-62,-37,49] [85,-53,15])
1
[37,24] [5,8]|(1 [72,-34,63] [70,-97,59]);(2 [14,-2,35] [13,70,44]);(3 [-14,-17,75] [-50,61,-62]);(4 [60,52,-6] [36,-34,-11]);(5 [74,72,70] [51,-10,-42])
1,2,4
[95,66] [83,36]|(1 [55,-22,-98] [-3,-31,40]);(2 [46,47,51] [45,-41,-81]);(3 [-7,21,-42] [-3,17,-88]);(4 [65,99,-25] [-91,3,13]);(5 [98,-31,34] [-30,-80,42]);(6 [37,-28,7] [1,54,97]);(7 [-63,2,53] [-71,-8,-11]);(8 [42,-74,-74] [-95,-63,17])
3,7
[10,100] [13,72]|(1 [-72,-35,-1] [17,26,-75]);(2 [98,76,1] [68,23,-68]);(3 [61,-13,-5] [59,-21,44]);(4 [82,4,-15] [-51,73,44]);(5 [33,93,-39] [86,34,-21]);(6 [-18,-22,48] [-39,28,-54]);(7 [-94,60,0] [54,46,22]);(8 [20,91,78] [21,71,-71]);(9 [-48,-12,6] [98,41,-4]);(10 [5,-27,-14] [-21,-95,-71]);(11 [64,-57,-87] [-19,-61,-93]);(12 [70,-89,-51] [58,10,-54])
3,8,12
[92,90] [67,89]|(1 [-21,-19,-74] [21,-93,-36]);(2 [-80,-82,46] [-73,19,-51]);(3 [-42,-77,29] [-9,94,88])
-
[27,92] [55,34]|(1 [-25,-84,-23] [-88,-31,-8]);(2 [25,-30,19] [7,-57,-48]);(3 [-81,100,58] [53,88,72]);(4 [-39,27,-20] [18,51,-18]);(5 [3,3,77] [-35,-27,63]);(6 [24,-89,-86] [89,67,37]);(7 [2,-19,20] [9,-40,76]);(8 [90,-24,86] [-57,-51,80]);(9 [1,18,36] [15,-32,4])
1,2,3,4,5,7,8,9
[75,40] [88,94]|(1 [-46,91,91] [2,31,56]);(2 [84,-89,-1] [42,-8,83]);(3 [95,98,-92] [41,7,10]);(4 [-53,27,-20] [-17,58,-96]);(5 [8,16,-85] [-25,71,-92]);(6 [-85,-12,-54] [-100,-70,37]);(7 [74,61,100] [-95,47,-60]);(8 [-19,-6,16] [-42,56,-59]);(9 [6,83,-69] [17,77,0]);(10 [32,3,-73] [62,74,82]);(11 [37,87,25] [57,-44,52]);(12 [-90,-44,-71] [94,3,-40]);(13 [13,73,-64] [-73,-92,74])
5,9
[92,34] [18,88]|(1 [-97,99,-100] [-72,-95,-25]);(2 [-48,41,28] [89,21,-33]);(3 [-51,-62,-8] [7,-72,-96]);(4 [-34,-48,45] [-31,-26,15]);(5 [-28,86,-99] [-18,-65,78]);(6 [-79,-49,99] [0,52,-41])
2,3,4
[0,0] [1,0]|(1 [2,3,5] [42,61,10]);(2 [5,6,6] [12,3,7]);(3 [51,51,51] [101,101,101])
-
[20,14] [70,10]|(1 [95,-42,-5] [69,54,-64]);(2 [47,89,71] [56,75,-96]);(3 [43,90,-93] [-45,-66,80]);(4 [29,-16,100] [73,23,43]);(5 [-65,-2,61] [16,59,3]);(6 [-81,24,30] [-63,-85,-4]);(7 [-15,92,-41] [9,-47,-19]);(8 [-100,60,25] [26,-71,-60]);(9 [-62,-54,43] [62,60,-79]);(10 [24,90,-37] [-15,71,10]);(11 [33,-52,56] [-81,62,-86])
-
[88,1] [42,100]|(1 [-84,-21,47] [-71,38,93]);(2 [6,39,-59] [-77,14,4]);(3 [21,-93,68] [-73,55,-23]);(4 [92,-100,-14] [-86,33,-30]);(5 [87,66,-44] [20,-50,-53]);(6 [-82,95,-75] [84,-5,-51]);(7 [-48,42,83] [-24,-44,72]);(8 [-17,18,67] [-7,65,75]);(9 [-29,4,72] [23,9,-66]);(10 [87,-46,-26] [-17,24,-70]);(11 [36,52,96] [-100,28,81])
1,2,5,7,8,9,10,11
[60,26] [67,38]|(1 [97,48,89] [49,-24,8]);(2 [-95,-10,-12] [-82,1,53]);(3 [73,-64,-67] [-98,79,-59]);(4 [-9,77,17] [-76,-3,6]);(5 [-62,-81,66] [98,37,91]);(6 [86,86,-20] [66,46,62]);(7 [-2,87,50] [6,-37,16]);(8 [92,39,46] [30,-15,80]);(9 [-39,-24,26] [-20,15,20]);(10 [99,23,-37] [-98,90,74])
-
[0,0] [1,1]|(1 [1,2,3] [2,3,4]);(2 [0,0,0] [100,100,100])
1
[0,0] [100,100]|(1 [2,3,5] [42,61,10]);(3 [5,6,6] [12,3,7]);(2 [3,2,1] [12,6,7])
1,3,2
[67,44] [70,42]|(1 [79,-64,-37] [-11,-32,34]);(2 [-30,-64,35] [61,66,-10]);(3 [47,-57,-77] [3,-60,-31]);(4 [-90,33,-81] [72,-67,-96]);(5 [87,-59,-6] [-65,21,-39]);(6 [17,-33,45] [-32,70,100]);(7 [11,88,76] [40,23,-46]);(8 [-100,75,-96] [37,26,-33]);(9 [-42,78,34] [0,74,-60]);(10 [73,-82,49] [25,8,-2]);(11 [-65,-91,41] [77,20,47]);(12 [10,-74,-91] [91,-6,-24]);(13 [-75,-41,-79] [20,73,-18])
-
[87,81] [81,13]|(1 [-28,-52,51] [60,8,98]);(2 [-18,73,76] [65,-8,-48]);(3 [81,63,-53] [-27,70,-13]);(4 [32,58,-89] [-77,-30,2]);(5 [32,85,-40] [-100,45,17]);(6 [-60,-46,51] [-13,91,7]);(7 [-24,48,-80] [-73,55,-14]);(8 [87,88,41] [-85,-22,-7]);(9 [-14,74,39] [-25,66,-22]);(10 [47,50,1] [11,54,-75]);(11 [26,32,-59] [-85,66,72]);(12 [82,-10,39] [38,85,43]);(13 [49,79,-93] [-80,-45,-71]);(14 [47,2,-38] [52,17,22]);(15 [-90,-71,-47] [47,5,-66])
10,12,14
[47,34] [45,99]|(1 [66,-46,28] [-12,22,94]);(2 [-74,55,-85] [-43,67,4]);(3 [-58,46,-4] [-38,-10,-42]);(4 [54,53,-2] [-27,-59,-71]);(5 [67,-25,-86] [-41,0,52]);(6 [19,-18,12] [37,-47,71]);(7 [-47,-7,96] [45,95,-41]);(8 [74,59,100] [-61,-62,-51]);(9 [4,-2,-34] [6,-54,67]);(10 [-66,23,-62] [81,-78,-91])
9
[30,56] [34,73]|(1 [-56,-12,48] [91,57,19]);(2 [-51,89,7] [68,54,46]);(3 [-81,-14,-67] [-39,-42,-86]);(4 [70,-75,-17] [-12,51,-63]);(5 [-74,-40,-75] [-68,7,-11]);(6 [28,-40,-14] [-24,-88,4]);(7 [-77,35,-34] [88,83,62]);(8 [-11,-88,-77] [41,-66,37]);(9 [93,52,-42] [15,-32,-55])
-
